[?25l[0m[7m[38;2;0;0;0m [0m[38;2;0;0;0;48;2;0;0;0m [38;2;1;1;1m╸ ╺     ┚[38;2;0;0;0;48;2;1;1;1m▊[48;2;0;0;0m [38;2;1;1;1m▋  ▉[38;2;0;0;0;48;2;1;1;1m▌[48;2;0;0;0m [38;2;1;1;1m▍┝ ┫   ━ ▂     [38;2;0;0;0;48;2;1;1;1m▊[38;2;1;1;1;48;2;0;0;0m┻[38;2;0;0;0;48;2;1;1;1m▃▃▃[38;2;1;1;1;48;2;0;0;0m▅[38;2;0;0;0;48;2;1;1;1m▃▁[38;2;1;1;1;48;2;0;0;0m┷━┷▘ ╺[38;2;0;0;0;48;2;1;1;1m▃[48;2;0;0;0m [38;2;1;1;1m▘         [38;2;0;0;0;48;2;1;1;1m▆▋[48;2;0;0;0m  [38;2;1;1;1m┈  ╺━ [38;2;0;0;0;48;2;1;1;1m▊[48;2;0;0;0m  [48;2;1;1;1m▆[38;2;1;1;1;48;2;0;0;0m━━▄┈┷[38;2;0;0;0;48;2;1;1;1m▃ [48;2;0;0;0m [38;2;1;1;1m┈[0m
[38;2;0;0;0;48;2;0;0;0m          [48;2;1;1;1m▆▆[38;2;1;1;1;48;2;0;0;0m▎[38;2;0;0;0;48;2;1;1;1m▆[48;2;0;0;0m   [48;2;1;1;1m▆▆▆[48;2;0;0;0m [48;2;1;1;1m▆[48;2;0;0;0m  [38;2;1;1;1m▘   [38;2;0;0;0;48;2;1;1;1m▆[48;2;0;0;0m     [48;2;1;1;1m▆[48;2;0;0;0m    [48;2;1;1;1m▇[48;2;0;0;0m     [48;2;1;1;1m▆[48;2;0;0;0m    [48;2;1;1;1m▆[48;2;0;0;0m        [48;2;1;1;1m▆[48;2;0;0;0m   [48;2;1;1;1m▆[48;2;0;0;0m            [48;2;1;1;1m▇[48;2;0;0;0m   [48;2;1;1;1m▆[48;2;0;0;0m [38;2;1;1;1m┈[0m
[38;2;0;0;0;48;2;0;0;0m  [38;2;1;1;1m▃       ▗ ┏     ▖  ▝ ▗┳ ╸     [38;2;0;0;0;48;2;1;1;1m▆[48;2;0;0;0m  [38;2;1;1;1m▄     ▃▂   ▃▄▇▎╸  ▗▄        ▃ ╸      ▘ ╸ ▃▂  [38;2;0;0;0;48;2;1;1;1m▅[48;2;0;0;0m [38;2;1;1;1m┈[0m
[38;2;0;0;0;48;2;0;0;0m      [38;2;1;1;1m▝  [38;2;0;0;0;48;2;1;1;1m▆[38;2;1;1;1;48;2;0;0;0m▘     [38;2;0;0;0;48;2;1;1;1m▄[38;2;1;1;1;48;2;0;0;0m▘     ╹           [38;2;0;0;0;48;2;1;1;1m▄[48;2;0;0;0m         [38;2;0;0;1;48;2;10;6;4m╴[38;2;153;100;54;48;2;3;1;1m▄[38;2;170;110;56;48;2;15;10;7m▃[38;2;97;65;40;48;2;5;4;3m▁[38;2;2;0;0;48;2;0;0;0m▁▁ [38;2;1;1;1m┈ [38;2;0;0;0;48;2;1;1;1m▆[48;2;0;0;0m [38;2;1;1;1m╺ ╹▘ [38;2;2;0;1m▁[38;2;41;7;9m▁[38;2;139;42;46;48;2;2;0;0m▁[38;2;83;22;24;48;2;1;0;0m▁[48;2;0;0;0m [38;2;1;1;1m╹   [38;2;0;0;0;48;2;1;1;1m▆[48;2;0;0;0m    [38;2;0;0;1m▉ [38;2;1;1;1m▝  ▗┃ [0m
[38;2;0;0;0;48;2;0;0;0m  [38;2;1;1;1m▘   ▁▁▃    ━━  ▁▃▁    ▁▁    ▁▁━  [38;2;165;95;98;48;2;18;14;15m▄[38;2;209;130;131;48;2;100;20;23m━[38;2;133;34;37;48;2;1;0;0m▅[38;2;141;37;39;48;2;9;2;3m▃[38;2;118;27;31;48;2;1;0;0m▃[38;2;61;17;19;48;2;3;0;1m▁[38;2;141;92;49;48;2;28;19;12m▄[38;2;174;112;56;48;2;25;17;11m▅[38;2;128;84;48;48;2;10;7;6m▃[38;2;124;82;45;48;2;30;20;15m▗[38;2;85;57;33;48;2;183;117;57m▘[38;2;185;117;54;48;2;186;117;55m┛[38;2;186;118;55;48;2;185;117;54m▇[38;2;186;117;54;48;2;181;116;56m╴[38;2;176;113;54;48;2;76;55;39m▅[38;2;184;118;58;48;2;81;59;45m▅[38;2;182;117;58;48;2;54;41;34m▅[38;2;176;113;56;48;2;38;32;29m▅[38;2;169;110;55;48;2;5;4;4m▅[38;2;181;118;60;48;2;9;5;3m▄[38;2;168;110;57;48;2;0;0;0m▄[38;2;174;115;59;48;2;5;2;1m▃[38;2;174;115;61;48;2;8;5;3m▂[38;2;170;115;65;48;2;10;7;5m▁[38;2;99;32;30;48;2;6;2;2m▄[38;2;164;64;65;48;2;1;1;1m▆[38;2;196;113;112;48;2;120;45;47m╾[38;2;60;14;14;48;2;156;38;40m▖[38;2;173;33;39;48;2;198;39;44m▁[38;2;170;33;37;48;2;96;17;21m▉[38;2;83;18;21;48;2;5;1;1m▖[38;2;1;0;0;48;2;0;0;0m╴[38;2;62;43;30m▁[38;2;166;109;59;48;2;10;6;4m▂[38;2;162;105;55;48;2;1;0;0m▄[38;2;170;110;56m▅[38;2;177;112;55;48;2;24;17;10m▅[38;2;141;88;46;48;2;2;0;1m▆[38;2;102;61;33;48;2;5;1;0m▆[38;2;124;68;34;48;2;26;16;11m━[38;2;73;44;27;48;2;9;5;4m╸[38;2;0;0;0;48;2;0;0;1m▇[38;2;1;1;1;48;2;0;0;0m▁▁   [38;2;0;0;0;48;2;1;1;1m▏[0m
[38;2;0;0;0;48;2;0;0;0m            [48;2;1;1;1m▆[48;2;0;0;0m   [48;2;1;1;1m▉▗[48;2;0;0;0m [48;2;1;1;1m▇[48;2;0;0;0m [38;2;1;1;1m▁▁ [38;2;0;0;0;48;2;1;1;1m▇[48;2;0;0;0m    [38;2;0;0;1m▁ [38;2;2;0;0m▁[38;2;3;0;0m▁[38;2;1;1;1m╴[38;2;6;0;0;48;2;120;37;39m▉[38;2;167;30;38;48;2;194;41;45m▁[38;2;49;11;11;48;2;179;37;42m▗[38;2;55;14;15;48;2;101;37;38m▋[38;2;205;194;182;48;2;117;26;30m▂[38;2;205;167;125;48;2;97;30;33m▃[38;2;183;119;58;48;2;77;38;28m▄[38;2;184;118;52;48;2;184;117;55m╴[38;2;186;117;54;48;2;185;117;54m▉[38;2;186;117;55;48;2;185;118;54m┊[38;2;186;117;54;48;2;177;117;61m▇[38;2;186;118;54;48;2;185;117;54m▁[48;2;186;118;55m [38;2;187;119;56m╶[38;2;186;118;53m▂[38;2;186;118;55;48;2;186;118;54m┈[48;2;186;118;55m  [38;2;187;119;55m╶ [38;2;186;118;55;48;2;186;117;54m▇[48;2;185;117;54m┈[38;2;185;118;54;48;2;185;116;55m▇[38;2;185;117;53;48;2;184;117;54m▇[38;2;186;118;54;48;2;185;118;53m┣[48;2;181;116;56m┈[38;2;184;117;56;48;2;75;43;28m▆[38;2;118;50;38;48;2;156;89;48m╹[38;2;173;113;57;48;2;74;27;23m▃[38;2;134;22;28;48;2;90;33;27m▝[38;2;78;15;21;48;2;141;24;31m▁[38;2;120;23;28;48;2;19;3;4m▌[38;2;109;58;31;48;2;19;10;7m▅[38;2;184;119;59;48;2;163;101;48m┊[38;2;182;115;54;48;2;185;117;54m▁[38;2;149;84;38;48;2;182;113;52m▃[38;2;21;11;8;48;2;137;84;44m╺[38;2;152;102;58;48;2;34;19;11m▂[38;2;128;91;58;48;2;5;2;1m▁[38;2;0;0;1;48;2;0;0;0m┊ ▃[38;2;1;1;1m▌ ▝▘  ┈[0m
[38;2;1;1;1;48;2;0;0;0m╴          [38;2;0;0;0;48;2;3;3;3m┈[38;2;216;216;216m▁[38;2;187;187;187;48;2;0;0;0m▂[38;2;186;186;186m▂[38;2;205;205;205;48;2;3;3;3m▁[38;2;0;0;0;48;2;4;4;4m┈[48;2;0;0;0m    [48;2;1;1;1m [48;2;0;0;0m    [38;2;1;1;1m▁ [38;2;147;103;72;48;2;17;11;9m╶[38;2;161;102;57;48;2;30;18;11m━[38;2;9;2;1;48;2;122;76;42m▂[38;2;31;17;11;48;2;149;92;48m▂[38;2;44;24;14;48;2;153;94;48m▁[38;2;155;95;47;48;2;53;34;22m▇[38;2;133;127;120;48;2;71;45;31m▁[38;2;229;214;198;48;2;92;35;37m▃[38;2;232;217;201;48;2;53;31;31m▆[38;2;248;233;218;48;2;221;193;165m╴[38;2;190;125;65;48;2;229;198;166m▆[38;2;187;118;52;48;2;186;117;53m┊[38;2;187;118;53;48;2;187;117;53m┈[38;2;186;118;55;48;2;187;118;53m▝[48;2;186;117;54m [48;2;185;117;52m▄[48;2;186;118;53m▂[38;2;186;118;53;48;2;186;118;55m▍  [38;2;186;118;55;48;2;186;117;52m▄[38;2;186;117;53;48;2;186;118;55m▎     [38;2;186;118;54m▗[48;2;186;118;53m▘[38;2;186;118;53;48;2;185;117;53m┈[38;2;185;117;54;48;2;186;118;53m▄[48;2;186;118;55m   [38;2;186;118;55;48;2;185;118;54m┈[38;2;150;96;50;48;2;184;118;56m▁[38;2;180;116;58;48;2;80;47;31m▆[38;2;170;110;55;48;2;55;19;18m▄[38;2;36;20;12;48;2;105;60;34m╸[38;2;91;56;32;48;2;152;88;41m▂[38;2;187;117;54;48;2;184;116;54m┈[38;2;186;118;55;48;2;182;115;54m╴[38;2;144;82;36;48;2;185;117;55m▁[38;2;124;62;25;48;2;182;113;53m▁[38;2;141;77;36;48;2;182;115;54m▂[38;2;170;106;50;48;2;85;59;38m▇[38;2;163;103;52;48;2;14;9;7m▆[38;2;153;99;53;48;2;7;4;3m▄[38;2;79;54;33;48;2;1;0;0m▂[38;2;1;0;1;48;2;0;0;0m╴  [38;2;1;1;1m▂ [38;2;0;0;0;48;2;1;1;1m▏[0m
[38;2;1;1;1;48;2;0;0;0m▎ ╴  ╶[38;2;0;0;0;48;2;1;1;1m▌[48;2;0;0;0m [48;2;1;1;1m┊[38;2;174;174;174;48;2;6;6;6m▃[38;2;243;243;243;48;2;46;46;46m▅[38;2;253;253;253;48;2;147;147;147m▇[38;2;255;255;255;48;2;254;254;254m▇┈ ┈[38;2;254;254;254;48;2;191;191;191m▇[38;2;247;247;247;48;2;47;47;47m▆[38;2;226;226;226;48;2;16;16;16m▄[38;2;101;101;101;48;2;2;2;2m▂[48;2;0;0;0m [38;2;1;1;1m▗▄ ▆ [38;2;0;0;0;48;2;1;1;1m▇[48;2;0;0;0m [38;2;1;1;1m╴ ▆[38;2;0;1;1m╎[38;2;158;150;141;48;2;7;6;6m▃[38;2;238;223;205;48;2;67;59;54m▅[38;2;249;233;214;48;2;244;230;213m┈[38;2;212;171;128;48;2;248;232;213m▗[38;2;239;214;185;48;2;191;131;72m▘[38;2;186;118;54;48;2;185;118;54m┈[38;2;186;118;55;48;2;186;118;53m▄[48;2;187;118;53m▇[38;2;186;118;54m▇[48;2;186;118;53m▁[38;2;186;118;53;48;2;186;117;54m▇[48;2;186;118;55m▍[38;2;187;118;56m▘         [38;2;186;118;56m│[38;2;186;118;55;48;2;186;118;53m▎▁▁[38;2;186;118;53;48;2;186;118;55m▍  ▂[38;2;186;118;55;48;2;186;118;54m┈[48;2;183;117;55m [38;2;177;114;56;48;2;102;67;41m▆[38;2;59;39;26;48;2;160;105;54m╺[38;2;98;68;44;48;2;152;99;52m┐[38;2;154;102;54;48;2;57;38;24m▆[38;2;43;26;16;48;2;135;89;50m━[38;2;60;37;22;48;2;173;110;53m▖[38;2;105;64;38;48;2;180;114;54m▝[38;2;116;78;45;48;2;40;23;14m▖[38;2;1;0;0;48;2;115;64;37m▆[38;2;3;1;1;48;2;121;65;34m▆[38;2;0;0;0;48;2;110;59;32m▅[38;2;10;5;3;48;2;130;69;33m▅[38;2;8;4;3;48;2;137;80;43m▄[38;2;106;63;39;48;2;26;17;12m╾[38;2;5;0;0;48;2;1;1;1m╴[48;2;0;0;0m   [48;2;1;1;1m [0m
[7m[38;2;0;0;0m [0m[38;2;1;1;1;48;2;0;0;0m╶┒    [38;2;209;209;209;48;2;23;23;23m▗[38;2;91;91;91;48;2;242;242;242m▘[48;2;254;254;254m [48;2;255;255;255m [38;2;255;255;255;48;2;250;250;250m╴[38;2;254;254;254;48;2;253;253;253m┊[38;2;37;37;37;48;2;204;204;204m▗[38;2;93;93;93;48;2;252;252;252m▂[38;2;147;147;147;48;2;254;254;254m▖[38;2;255;255;255m┈[38;2;254;254;254;48;2;255;255;255m▗[48;2;254;254;254m [48;2;248;248;248m┈[38;2;219;219;219;48;2;41;41;41m▅[38;2;80;80;80;48;2;6;6;6m▁[48;2;0;0;0m  [38;2;0;0;0;48;2;1;1;1m▇[48;2;0;0;0m  [48;2;1;1;1m▉[38;2;1;1;1;48;2;0;0;0m▌[38;2;0;0;0;48;2;1;1;1m▇[38;2;127;121;115;48;2;2;2;2m▗[38;2;46;43;41;48;2;225;212;196m▘[38;2;161;152;144;48;2;248;233;216m▁[38;2;249;234;215;48;2;248;233;215m┊[38;2;185;118;55;48;2;233;205;173m▗[38;2;186;117;52;48;2;187;121;58m╴[38;2;186;117;53;48;2;186;118;52m▇[38;2;186;117;55;48;2;186;118;53m▋[38;2;187;118;53;48;2;186;118;54m▄▖[48;2;186;118;55m [38;2;186;118;55;48;2;186;117;54m▇[48;2;186;117;55m╴[38;2;185;118;56;48;2;173;110;54m┈[38;2;187;118;53;48;2;186;118;54m▃▄▄▄[38;2;187;117;55;48;2;186;117;55m▄[38;2;186;118;55;48;2;186;117;54m┊[48;2;185;117;55m┈[48;2;181;114;52m╴[48;2;186;118;55m [38;2;186;117;55;48;2;186;117;54m┈[38;2;186;118;55m┊[48;2;186;118;55m     [48;2;186;118;54m┈[48;2;186;118;53m▇[48;2;186;118;54m┈[48;2;186;118;55m [48;2;186;117;55m▉[38;2;186;117;55;48;2;186;118;55m▆[38;2;186;117;54;48;2;185;117;55m┈[38;2;20;12;9;48;2;141;93;50m▝[38;2;41;25;18;48;2;105;68;42m┳[38;2;145;99;61;48;2;79;49;31m▘[38;2;67;43;27;48;2;135;91;51m▚[38;2;185;118;57;48;2;166;108;55m┈[38;2;171;110;57;48;2;29;19;13m▖[38;2;0;0;1;48;2;0;0;0m╷[38;2;1;1;1m▁  └ ╶ [38;2;0;0;0;48;2;1;1;1m▘▖[0m
[7m[38;2;0;0;0m [0m[38;2;0;0;0;48;2;0;0;0m [38;2;1;1;1m▖  [38;2;0;0;0;48;2;1;1;1m┈[38;2;1;1;1;48;2;185;185;185m▘[48;2;254;254;254m [48;2;255;255;255m  [38;2;255;255;255;48;2;254;254;254m┊[48;2;251;251;251m┈[38;2;224;224;224;48;2;51;51;51m▆[38;2;147;147;147;48;2;50;50;50m╍[38;2;61;61;61;48;2;182;182;182m▃[38;2;92;92;92;48;2;244;244;244m▃[38;2;154;154;154;48;2;249;249;249m▁[38;2;255;255;255;48;2;254;254;254m┈┈[48;2;255;255;255m [38;2;254;254;254;48;2;254;254;253m▉[38;2;117;117;117;48;2;252;252;251m▝[38;2;143;143;143;48;2;0;0;0m▖    [38;2;0;0;0;48;2;1;1;1m▉[48;2;0;0;0m [38;2;234;222;207;48;2;42;40;38m▗[38;2;52;49;46;48;2;214;202;189m▂[38;2;70;67;64;48;2;226;213;199m▆[38;2;98;92;88;48;2;232;218;201m▘[38;2;248;231;210;48;2;197;143;91m▘[38;2;186;118;52;48;2;186;117;53m╴[48;2;187;118;53m [38;2;186;118;54;48;2;187;117;53m▂▅[38;2;186;118;55;48;2;186;118;54m╴[48;2;185;118;54m┈[38;2;184;118;58;48;2;182;116;55m┊[38;2;186;118;55;48;2;185;117;54m╴[38;2;165;99;47;48;2;144;83;40m╴[38;2;50;29;19;48;2;179;119;63m▌[38;2;187;118;55;48;2;186;118;55m╲[38;2;161;95;43;48;2;185;117;55m╻[38;2;187;117;54;48;2;187;117;53m▅[38;2;186;118;55;48;2;187;117;54m▂[38;2;187;118;53;48;2;187;117;55m▂[38;2;186;118;55;48;2;186;117;55m┊[38;2;185;117;54;48;2;186;117;57m▊[38;2;32;16;12;48;2;148;88;43m▗[38;2;85;62;44;48;2;176;113;55m▖[38;2;185;117;50;48;2;185;117;53m╴[38;2;143;77;32;48;2;177;110;51m╺[38;2;79;41;24;48;2;150;91;44m┒[38;2;146;83;38;48;2;183;116;53m▂[38;2;186;118;55;48;2;185;117;54m▏[48;2;186;117;54m┈[48;2;186;118;55m  [38;2;186;118;53m▄[38;2;186;118;54;48;2;186;118;53m▘[38;2;187;118;53;48;2;186;118;54m▇[38;2;186;118;54;48;2;186;117;55m▂[38;2;186;118;55m╷[38;2;185;117;54;48;2;186;118;55m▘[38;2;187;117;54m▝[38;2;42;24;15;48;2;162;105;55m▝[38;2;46;24;15;48;2;125;66;33m▖[38;2;117;60;30;48;2;58;38;29m▆[38;2;142;85;45;48;2;55;36;23m▂[38;2;67;44;27;48;2;173;113;57m▖[38;2;181;118;58;48;2;39;26;16m▖[48;2;0;0;0m  [38;2;1;1;1m▖▂  [38;2;0;0;0;48;2;1;1;1m▌▍[48;2;0;0;0m [0m
[7m[38;2;0;0;0m [0m[38;2;0;0;0;48;2;0;0;0m [38;2;1;1;1m╴  [38;2;4;4;4;48;2;187;187;187m▘[38;2;254;254;254;48;2;255;255;255m▘ [38;2;255;255;255;48;2;254;254;254m┈[48;2;255;255;255m  [38;2;12;12;12;48;2;229;229;229m▗[38;2;87;87;87;48;2;223;223;223m▘[38;2;24;24;24;48;2;144;144;144m▚[38;2;95;95;95;48;2;210;210;210m▌[38;2;254;254;254;48;2;243;243;243m┈[38;2;34;34;34;48;2;221;221;221m▊[48;2;254;254;254m [38;2;255;255;255m┈ ┊▋[38;2;237;237;236;48;2;149;149;149m▇[38;2;140;140;140;48;2;0;0;0m▖  [38;2;1;1;1m─[38;2;0;0;1m╷[38;2;194;187;178;48;2;42;41;39m╺[38;2;188;181;170;48;2;20;19;19m▘[38;2;8;8;8;48;2;97;92;87m▉[38;2;138;130;122;48;2;229;215;199m▏[38;2;249;231;210;48;2;198;145;94m▘[38;2;187;117;51;48;2;186;117;53m▍[48;2;187;118;53m  [38;2;186;118;53;48;2;186;118;55m▍[38;2;186;118;55;48;2;185;117;55m┈[38;2;146;81;36;48;2;183;115;53m▃[38;2;43;23;15;48;2;135;78;39m▗[38;2;90;57;37;48;2;170;110;55m▏[38;2;67;37;22;48;2;165;101;47m▗[38;2;226;165;145;48;2;97;68;57m▗[38;2;11;5;3;48;2;136;98;72m┃[38;2;185;118;55;48;2;165;99;45m▉[38;2;22;11;7;48;2;121;69;37m▗[38;2;183;119;61;48;2;178;114;54m╴[38;2;187;118;53;48;2;186;118;54m▅[38;2;187;118;52;48;2;187;117;54m▊[38;2;187;117;55;48;2;186;117;55m┈[48;2;185;118;55m [38;2;136;79;40;48;2;16;5;2m▊[38;2;30;19;18;48;2;176;134;120m▏[38;2;89;61;41;48;2;176;123;87m▚[38;2;187;117;55;48;2;176;112;53m┊[38;2;50;27;17;48;2;145;83;40m▝[38;2;130;101;93;48;2;49;28;18m▗[38;2;80;48;34;48;2;153;89;42m▅[38;2;131;68;29;48;2;160;96;46m╴[38;2;157;90;41;48;2;184;116;54m▁[38;2;186;118;55;48;2;186;117;54m┈[38;2;187;117;55;48;2;187;117;53m▖[48;2;187;118;53m  [38;2;187;118;53;48;2;186;118;55m▎ [38;2;158;92;40;48;2;178;111;51m┐[38;2;186;117;52;48;2;184;116;54m╴[38;2;186;117;53;48;2;185;117;54m┈[38;2;153;102;57;48;2;63;36;23m▍[38;2;130;63;29;48;2;127;64;30m┊[38;2;129;64;29;48;2;133;67;30m┈[38;2;169;105;52;48;2;119;83;47m▇[38;2;185;116;55;48;2;180;115;57m┊[38;2;158;105;58;48;2;18;11;8m▖[48;2;0;0;0m  [38;2;0;0;0;48;2;1;1;1m▃[48;2;0;0;0m  [48;2;1;1;1m▌[38;2;1;1;1;48;2;0;0;0m┫ [0m
[7m[38;2;0;0;0m [0m[38;2;0;0;0;48;2;0;0;0m   [38;2;248;248;248;48;2;52;52;52m▗[48;2;254;254;254m [38;2;254;254;254;48;2;255;255;255m╵    [38;2;110;110;110;48;2;253;253;253m▝[38;2;252;252;252;48;2;70;70;70m▅[38;2;244;244;244;48;2;52;52;52m▇[38;2;138;138;138;48;2;231;231;231m╶[38;2;96;96;96;48;2;220;220;220m▝[38;2;244;244;244;48;2;132;132;132m▇[38;2;254;254;254;48;2;255;255;255m╴[38;2;255;255;255;48;2;254;254;254m▃┈[48;2;255;255;255m  [48;2;254;254;254m [38;2;90;90;90;48;2;245;245;245m▝[38;2;0;0;0;48;2;4;4;4m┈[38;2;1;1;1;48;2;0;0;0m┏━  [38;2;0;0;0;48;2;0;0;1m▉[38;2;34;34;32;48;2;215;203;190m▍[38;2;184;117;55;48;2;230;202;170m▗[38;2;187;117;53;48;2;186;117;53m┊[38;2;187;118;53;48;2;187;117;53m▇[48;2;187;118;53m [48;2;187;118;52m▏[38;2;116;68;38;48;2;182;115;54m▗[38;2;52;30;21;48;2;145;82;39m▃[38;2;191;143;125;48;2;91;54;36m▗[38;2;146;113;94;48;2;70;48;35m╍[38;2;86;51;28;48;2;181;116;56m▗[38;2;62;34;20;48;2;165;123;110m▘[38;2;253;226;207;48;2;234;183;164m▗[38;2;216;172;156;48;2;73;50;36m▍[38;2;182;118;58;48;2;134;73;31m▊[38;2;58;32;21;48;2;153;121;110m▊[38;2;64;43;31;48;2;177;124;91m▚[38;2;187;118;52;48;2;185;117;55m┊[38;2;188;119;54;48;2;187;118;53m┻[38;2;187;118;53;48;2;186;118;55m▎[38;2;186;118;55;48;2;185;118;60m▉[38;2;137;76;37;48;2;36;18;9m▊[38;2;48;34;31;48;2;224;167;151m▎[38;2;254;227;212;48;2;237;196;177m╴[38;2;60;43;35;48;2;171;128;108m┗[38;2;86;58;36;48;2;167;103;49m▖[38;2;78;47;32;48;2;188;162;149m▉[38;2;238;204;184;48;2;225;179;160m╴[38;2;206;151;136;48;2;71;45;35m▅[38;2;151;115;104;48;2;103;58;35m▁[38;2;130;66;32;48;2;147;84;40m╴[38;2;145;89;47;48;2;185;116;53m▂[38;2;98;65;38;48;2;185;118;54m▂[38;2;188;118;52;48;2;184;117;54m┊[38;2;186;118;53;48;2;186;118;55m▉ [38;2;185;118;55;48;2;182;114;53m┊[38;2;131;67;27;48;2;166;100;48m▚[38;2;161;95;44;48;2;186;118;54m▖[38;2;178;116;58;48;2;43;25;15m▊[38;2;107;108;107;48;2;69;44;34m┒[38;2;126;61;30;48;2;120;59;30m┊[38;2;129;65;29;48;2;170;104;49m▋[38;2;185;117;56;48;2;185;117;54m▏[38;2;185;115;53;48;2;171;109;54m╴[38;2;84;56;34;48;2;2;1;1m▖[38;2;1;1;1;48;2;0;0;0m┊▏━ ▇▋ [0m
[38;2;0;0;0;48;2;0;0;0m   [38;2;9;9;9;48;2;118;118;118m▉[38;2;254;254;254;48;2;239;239;239m┊[48;2;255;255;255m       [38;2;255;255;255;48;2;254;254;254m┈[38;2;196;196;196;48;2;77;77;77m▌[38;2;90;90;90;48;2;239;239;239m╸[48;2;255;255;255m       [38;2;255;255;255;48;2;254;254;254m┈ [38;2;214;214;214;48;2;29;29;29m▍[38;2;0;0;0;48;2;1;1;1m▃[38;2;1;1;1;48;2;0;0;0m▘[38;2;0;0;0;48;2;1;1;1m▆[48;2;0;0;0m [38;2;1;1;0;48;2;7;7;6m┈[38;2;239;229;213;48;2;223;198;171m╴[38;2;186;118;54;48;2;185;119;56m┊[38;2;186;118;55;48;2;187;117;52m▅[48;2;186;118;53m▄[38;2;185;118;53;48;2;184;116;53m┈[38;2;131;70;31;48;2;174;106;48m▄[38;2;119;88;80;48;2;100;53;27m▗[38;2;65;45;39;48;2;207;157;140m▘[38;2;234;205;188;48;2;122;95;86m▅[38;2;180;167;157;48;2;66;47;33m▏[38;2;187;147;133;48;2;79;55;38m▗[38;2;225;170;152;48;2;245;214;195m▘[38;2;254;226;208;48;2;254;226;205m▍[38;2;96;81;73;48;2;243;215;197m▝[38;2;63;45;32;48;2;156;97;51m▍[38;2;64;32;19;48;2;209;159;144m▋[38;2;251;220;203;48;2;224;184;166m┊[38;2;65;47;33;48;2;179;141;106m▚[38;2;187;118;51;48;2;183;117;54m┊[38;2;187;118;53;48;2;187;118;55m▍[38;2;185;117;56;48;2;151;86;38m▉[38;2;121;64;33;48;2;20;6;3m▊[38;2;67;51;46;48;2;229;177;158m▎[38;2;254;227;207;48;2;253;226;205m▇[38;2;251;223;205;48;2;239;197;177m▇[38;2;68;47;33;48;2;192;160;145m▝[38;2;98;69;51;48;2;62;35;23m▏[38;2;83;75;69;48;2;228;207;191m▏[38;2;104;95;88;48;2;232;205;188m▂[38;2;87;70;66;48;2;208;170;154m╼[38;2;207;155;138;48;2;46;31;25m▄[38;2;105;79;70;48;2;79;45;27m▁[38;2;187;121;59;48;2;137;77;37m▝[38;2;161;96;44;48;2;184;116;52m▁[38;2;186;118;54;48;2;187;118;53m▝[38;2;186;118;53;48;2;186;118;55m▌[38;2;186;117;54;48;2;186;118;54m▁[38;2;146;82;35;48;2;182;114;53m▝[38;2;129;64;29;48;2;151;86;41m▇[38;2;146;82;36;48;2;176;115;60m▖[38;2;19;12;8;48;2;138;138;138m▍[38;2;146;147;146;48;2;71;49;38m▖[38;2;114;60;33;48;2;127;64;28m▏[38;2;153;87;40;48;2;184;116;55m▎[38;2;185;117;53;48;2;185;117;54m▝[38;2;15;9;7;48;2;153;99;52m▝[38;2;0;1;0;48;2;0;0;0m╴  [38;2;1;1;1m┈  [38;2;0;0;0;48;2;1;1;1m▏[0m
[7m[38;2;0;0;0m [0m[38;2;0;0;0;48;2;1;1;1m▇[48;2;0;0;0m [38;2;44;44;44;48;2;236;236;236m▌[38;2;254;254;254;48;2;255;255;255m╶[38;2;255;255;255;48;2;254;254;254m┈  [48;2;255;255;255m   [48;2;252;252;252m┊[38;2;249;249;249;48;2;84;84;84m▘[38;2;24;24;24;48;2;179;179;179m─[38;2;50;50;50;48;2;238;238;238m▖[38;2;254;254;254;48;2;255;255;255m▏[38;2;255;255;255;48;2;248;248;248m┈[48;2;244;244;244m┈[48;2;254;254;254m┈ ┈[48;2;255;255;255m  [38;2;254;254;254m▗[38;2;248;248;248;48;2;112;112;112m▊[38;2;0;0;0;48;2;1;1;1m┈[48;2;0;0;0m   [48;2;178;172;163m▊[38;2;232;205;176;48;2;186;123;64m▍[38;2;185;117;56;48;2;186;117;54m╸[38;2;185;117;55;48;2;185;117;54m▉[38;2;162;97;46;48;2;183;116;54m▁[38;2;147;81;37;48;2;137;76;35m┊[38;2;203;156;141;48;2;78;47;32m▗[38;2;228;178;160;48;2;153;112;101m▇[38;2;127;119;113;48;2;246;215;197m▁[38;2;14;12;12;48;2;246;222;205m▂[38;2;156;150;142;48;2;22;16;14m▏[38;2;6;4;3;48;2;170;144;133m▂[38;2;63;57;54;48;2;183;167;156m╺[38;2;115;105;99;48;2;211;191;176m┒[38;2;254;227;208;48;2;245;220;202m┈[38;2;227;205;190;48;2;107;89;77m▍[38;2;55;35;26;48;2;211;161;143m▊[38;2;226;165;145;48;2;253;225;206m▍[38;2;254;226;208;48;2;242;218;200m╴[38;2;92;77;67;48;2;199;161;127m▚[38;2;98;66;38;48;2;175;112;54m▁[38;2;180;113;54;48;2;133;69;28m▋[38;2;86;45;24;48;2;74;57;53m▉[38;2;219;168;153;48;2;230;191;174m╴[38;2;98;91;87;48;2;247;222;204m▁[38;2;139;127;118;48;2;206;186;172m╷[38;2;53;48;46;48;2;235;213;197m╼[38;2;230;210;197;48;2;69;58;55m▄[38;2;31;27;26;48;2;203;186;174m▎[38;2;170;160;151;48;2;251;225;207m▁[38;2;254;226;208;48;2;252;226;208m┈[38;2;232;183;165;48;2;251;223;204m▝[38;2;223;171;153;48;2;140;107;96m▇[38;2;204;153;137;48;2;82;50;36m▖[38;2;86;44;25;48;2;130;68;33m▁[38;2;131;66;31;48;2;176;108;50m▖[38;2;186;117;52;48;2;186;117;54m╴[38;2;186;117;55;48;2;184;115;53m┈[38;2;154;89;38;48;2;181;114;53m▖[38;2;170;104;51;48;2;128;64;27m▎[38;2;129;65;30;48;2;150;95;58m▉[38;2;121;86;63;48;2;35;33;34m▏[38;2;66;65;66;48;2;135;135;134m▁[38;2;42;35;33;48;2;103;55;30m▃[38;2;132;67;29;48;2;177;112;54m▘[38;2;186;118;53;48;2;185;117;55m▅[38;2;185;118;51;48;2;183;117;55m╴[38;2;114;78;45;48;2;6;3;2m▎[48;2;0;0;0m  [38;2;1;1;1m▃  ┈[0m
[7m[38;2;0;0;0m [0m[38;2;0;0;0;48;2;0;0;0m [48;2;7;7;7m┊[38;2;145;145;145;48;2;249;249;249m▏[38;2;255;255;255;48;2;254;254;254m┈┈[48;2;255;255;255m     [38;2;242;242;242;48;2;79;79;79m▘[38;2;126;126;126;48;2;253;253;253m▘[38;2;255;255;255;48;2;254;254;254m▋[38;2;65;65;65;48;2;172;172;172m▊[38;2;12;12;12;48;2;244;244;244m▂[38;2;228;228;228;48;2;98;98;98m▚[48;2;252;252;252m [48;2;255;255;255m     [38;2;255;255;255;48;2;254;254;254m▇[38;2;254;254;254;48;2;252;252;251m▉[38;2;183;183;182;48;2;7;7;7m▎[38;2;1;1;1;48;2;0;0;0m╸[38;2;0;0;0;48;2;1;1;1m▇[48;2;0;0;0m [38;2;8;7;6;48;2;155;136;119m▉[38;2;185;117;54;48;2;182;120;62m┊[38;2;186;117;56;48;2;186;118;55m▏[38;2;184;116;54;48;2;168;101;46m▉[38;2;133;73;34;48;2;84;42;22m▉[38;2;221;161;142;48;2;83;54;44m▗[38;2;60;55;51;48;2;171;137;126m▗[38;2;11;11;12;48;2;138;133;136m━[38;2;191;192;207;48;2;20;20;21m▅[38;2;216;217;229;48;2;48;48;53m▆[38;2;212;213;226;48;2;3;2;7m▇[38;2;210;211;224;48;2;41;41;47m▆[38;2;183;183;200;48;2;24;24;27m▄[38;2;50;49;51;48;2;183;167;157m▆[38;2;100;92;86;48;2;177;164;152m▖[38;2;253;226;208;48;2;236;213;196m┊[38;2;217;196;181;48;2;77;63;59m▅[38;2;231;186;167;48;2;252;223;204m▍[38;2;253;226;208;48;2;253;226;207m▇[38;2;254;226;207;48;2;253;226;208m┊[38;2;87;68;54;48;2;226;204;188m▝[38;2;185;167;154;48;2;120;78;50m▁[38;2;200;161;145;48;2;64;42;33m▗[38;2;110;101;97;48;2;174;158;147m╎[38;2;240;218;203;48;2;93;86;81m▇[38;2;48;44;41;48;2;231;208;192m▃[38;2;63;63;68;48;2;229;207;191m▆[38;2;165;166;186;48;2;31;29;29m▄[38;2;185;187;207;48;2;0;0;0m▅[38;2;187;188;209m▅[38;2;179;180;202;48;2;32;30;30m▄[38;2;3;3;4;48;2;147;140;142m━[38;2;43;41;40;48;2;238;214;197m▄[38;2;151;136;125;48;2;231;189;171m▁[38;2;196;144;129;48;2;92;62;52m▄[38;2;79;45;30;48;2;107;55;30m╴[38;2;180;114;55;48;2;135;71;33m▝[38;2;162;97;46;48;2;183;116;54m▁[38;2;181;115;55;48;2;142;77;33m▌[38;2;166;103;51;48;2;132;68;31m▘[38;2;127;63;30;48;2;117;67;42m▉[38;2;63;59;62;48;2;38;24;23m┍[38;2;152;46;53;48;2;57;43;46m▄[38;2;147;47;54;48;2;79;43;46m┩[38;2;48;24;14;48;2;174;109;53m▎[38;2;186;118;55;48;2;186;118;53m▅[38;2;185;117;54;48;2;186;117;53m▄[38;2;173;114;59;48;2;24;16;11m▌[38;2;1;0;0;48;2;0;0;0m┈[38;2;0;0;0;48;2;1;1;1m▌ ▖[38;2;1;1;1;48;2;0;0;0m┈┈[0m
[7m[38;2;0;0;0m [0m[38;2;0;0;0;48;2;0;0;0m [38;2;19;19;19;48;2;233;233;233m▊[38;2;254;254;254;48;2;255;255;255m▎ [38;2;255;255;255;48;2;254;254;254m┈[48;2;255;255;255m [48;2;254;254;254m┈[48;2;255;255;255m   [38;2;245;245;245;48;2;253;253;253m╵[38;2;254;254;254;48;2;223;223;223m╴[38;2;151;151;151;48;2;243;243;243m▁[38;2;254;254;254;48;2;251;251;251m┈[48;2;185;185;185m▇[38;2;255;255;255;48;2;254;254;254m┈[48;2;255;255;255m [38;2;254;254;254m▁▂[38;2;255;255;255;48;2;254;254;254m┈[48;2;255;255;255m  [38;2;254;254;254m▁[48;2;254;254;254m [38;2;232;232;232;48;2;14;14;14m▌[48;2;0;0;0m [38;2;1;1;1m┈ ┊[38;2;46;31;21;48;2;168;109;54m▎[38;2;186;118;57;48;2;185;117;55m▎[38;2;137;78;38;48;2;81;43;23m▉[38;2;221;169;149;48;2;83;55;45m▗[38;2;222;173;154;48;2;248;220;202m▘[38;2;50;51;54;48;2;193;190;190m╹[38;2;62;62;62;48;2;201;202;208m▄[38;2;254;254;255;48;2;249;249;249m╴[48;2;254;254;254m [38;2;255;255;255m┈[38;2;234;234;234;48;2;72;72;72m▊[38;2;26;25;26;48;2;207;207;207m▄[38;2;254;254;254;48;2;209;209;215m╴[38;2;201;200;212;48;2;50;49;51m▖[38;2;121;113;107;48;2;250;224;206m▖[38;2;254;227;208;48;2;254;226;208m┊[48;2;254;227;208m  [48;2;253;226;207m┈┈[48;2;252;226;207m╴[38;2;253;226;208;48;2;193;166;152m▇[38;2;253;227;209;48;2;245;221;204m╴[38;2;120;118;127;48;2;63;58;55m▗[38;2;61;61;64;48;2;171;171;182m▚[38;2;104;104;104;48;2;216;216;221m╸[48;2;253;253;253m [38;2;255;255;254;48;2;254;254;254m▇┈[38;2;0;0;0;48;2;172;172;173m▗[38;2;34;34;33;48;2;205;206;213m▖[38;2;97;98;110;48;2;216;217;228m▝[38;2;179;180;195;48;2;45;43;43m▖[38;2;27;25;24;48;2;226;196;180m▖[38;2;66;45;38;48;2;217;168;150m▝[38;2;103;74;66;48;2;98;53;31m▁[38;2;130;65;31;48;2;153;87;40m▇[38;2;168;102;49;48;2;130;65;23m▉[38;2;128;64;28;48;2;127;63;29m┛[38;2;122;63;32;48;2;47;27;19m▉[38;2;8;6;6;48;2;65;62;66m▍[38;2;20;21;21;48;2;65;63;67m╼[38;2;110;110;108;48;2;22;20;20m▊[38;2;15;1;0;48;2;142;82;42m▏[48;2;186;117;55m [48;2;186;118;55m [38;2;180;117;59;48;2;46;27;17m▊[48;2;0;0;0m   [38;2;0;0;0;48;2;1;1;1m▁[48;2;0;0;0m [48;2;1;1;1m┈[0m
[7m[38;2;0;0;0m [0m[38;2;0;0;0;48;2;0;0;0m [38;2;11;11;11;48;2;237;237;237m▌[38;2;255;255;255;48;2;254;254;254m┈[48;2;255;255;255m [48;2;254;254;254m┈┈┈[48;2;255;255;255m  [48;2;254;254;254m┈[38;2;60;60;60;48;2;229;229;229m─[38;2;174;174;174;48;2;21;21;21m▋[38;2;34;34;34;48;2;180;180;180m━[38;2;250;250;250;48;2;226;226;226m╴[38;2;40;40;40;48;2;215;215;215m─[38;2;82;82;82;48;2;252;252;252m▄[38;2;255;255;255;48;2;254;254;254m┊▆[38;2;254;254;254;48;2;255;255;255m▘   [38;2;255;255;255;48;2;254;254;254m▄ [38;2;238;238;238;48;2;10;10;10m▊[48;2;0;0;0m    [38;2;112;76;47;48;2;4;2;2m▝[38;2;89;59;35;48;2;163;102;52m▁[38;2;93;51;27;48;2;33;19;14m▘[38;2;2;0;0;48;2;232;215;204m▏[38;2;252;227;208;48;2;248;237;229m▊[38;2;222;221;218;48;2;30;30;30m▘[38;2;0;0;0;48;2;1;1;1m┈[38;2;13;13;13;48;2;218;218;218m▆[38;2;5;5;5;48;2;247;247;247m▅[38;2;0;0;0;48;2;209;209;209m▅[38;2;4;4;4;48;2;111;111;111m▇[38;2;1;1;1;48;2;0;0;0m▁[38;2;26;26;26;48;2;194;194;193m▋[38;2;254;254;255;48;2;243;241;239m╴[38;2;88;81;77;48;2;253;228;210m▘[38;2;254;227;208;48;2;253;227;207m┊[38;2;254;226;207;48;2;254;227;208m╺╸[38;2;254;227;208;48;2;253;226;207m┈[48;2;254;227;208m [48;2;254;227;207m┈[38;2;253;227;208;48;2;253;227;207m▉[38;2;253;228;210;48;2;240;218;202m┊[38;2;4;4;4;48;2;177;176;175m▗[38;2;0;0;0;48;2;2;2;2m┈[38;2;223;223;223;48;2;29;29;29m▝[38;2;0;0;0;48;2;236;236;236m▃[48;2;246;246;246m▃[38;2;8;8;8;48;2;226;226;226m▄[38;2;0;0;0;48;2;14;14;14m┈[48;2;1;1;1m┈[38;2;23;23;23;48;2;224;224;224m▖[38;2;214;213;223;48;2;253;253;254m▝[38;2;215;215;220;48;2;58;56;58m▖[38;2;124;112;104;48;2;239;209;190m▏[38;2;116;88;81;48;2;229;175;155m▝[38;2;152;115;102;48;2;86;45;26m▖[38;2;122;63;32;48;2;129;65;31m▏[38;2;127;63;28;48;2;127;62;29m┈[38;2;109;57;31;48;2;12;6;5m▋[38;2;24;22;24;48;2;76;74;79m▏[38;2;75;73;79;48;2;29;29;31m▊[38;2;132;133;131;48;2;18;10;8m▊[38;2;66;37;26;48;2;135;73;36m▏[38;2;186;117;56;48;2;186;117;55m▎[38;2;186;118;55;48;2;186;118;54m┈[38;2;184;118;57;48;2;132;95;65m▉[38;2;0;0;0;48;2;3;2;1m┊[48;2;0;0;0m  [38;2;1;1;1m▄ [38;2;0;0;0;48;2;1;1;1m▁[0m
[7m[38;2;0;0;0m [0m[38;2;0;0;0;48;2;0;0;0m [38;2;6;6;6;48;2;245;245;245m▍[48;2;255;255;255m        [38;2;255;255;255;48;2;242;242;242m┊[38;2;175;175;175;48;2;51;51;51m▚[38;2;255;255;255;48;2;254;254;254m┈[38;2;254;254;254;48;2;245;245;245m┊[38;2;224;224;224;48;2;251;251;251m╵[38;2;254;254;254;48;2;253;253;253m▇[38;2;255;255;255;48;2;254;254;254m┈[48;2;255;255;255m       [38;2;248;248;248;48;2;34;34;34m▉[48;2;0;0;0m   [38;2;1;1;1m┊[38;2;6;6;5;48;2;215;207;198m▊[38;2;203;168;134;48;2;83;63;50m▄[38;2;128;75;42;48;2;13;7;4m▌[38;2;103;100;100;48;2;252;242;233m▏[38;2;251;230;213;48;2;59;56;55m▉[48;2;0;0;0m [38;2;0;0;0;48;2;1;1;1m▃[48;2;0;0;0m  [38;2;1;1;1m▁[38;2;0;0;0;48;2;1;1;1m▉[48;2;0;0;0m [48;2;186;185;186m▉[38;2;253;252;249;48;2;249;230;216m▊[38;2;254;227;208;48;2;253;226;208m┊[38;2;254;227;210;48;2;254;227;208m▗[38;2;255;228;210m▄  [48;2;253;226;207m [48;2;254;227;207m [38;2;254;227;208;48;2;253;226;209m▍[38;2;252;229;214;48;2;188;184;178m▉[38;2;0;0;0;48;2;9;9;9m┊[48;2;0;0;0m [38;2;1;1;1m▘  ▃▇ [38;2;2;2;2;48;2;240;240;240m▋[38;2;254;255;254;48;2;254;254;254m┊[38;2;253;253;251;48;2;249;236;226m╴[38;2;253;226;208;48;2;247;221;202m┊[38;2;251;223;204;48;2;241;198;179m▉[38;2;217;165;147;48;2;87;67;63m▉[38;2;66;65;66;48;2;65;40;28m▁[38;2;131;66;30;48;2;124;63;32m╴[38;2;153;121;110;48;2;40;23;18m▗[38;2;222;181;164;48;2;49;43;43m▅[38;2;220;191;174;48;2;62;50;48m▆[38;2;229;206;190;48;2;22;15;15m▆[38;2;228;205;189;48;2;92;64;47m▖[38;2;107;71;38;48;2;172;110;54m▁[38;2;186;118;55;48;2;185;117;55m┊[38;2;187;119;56;48;2;185;118;55m╴[38;2;161;116;78;48;2;8;4;3m▏[48;2;0;0;0m    [38;2;1;1;1m┈[0m
[7m[38;2;0;0;0m [0m[38;2;0;0;0;48;2;0;0;0m [38;2;43;43;43;48;2;254;254;254m▍[48;2;255;255;255m  [38;2;254;254;254m─╴[48;2;254;254;254m [38;2;255;255;255m┈[48;2;255;255;255m  [38;2;27;27;27;48;2;215;215;215m▝[38;2;125;125;125;48;2;252;252;252m▘[38;2;254;254;254m┊[38;2;13;13;13;48;2;193;193;193m╺[38;2;52;52;52;48;2;214;214;214m━[38;2;56;56;56;48;2;233;233;233m╸[38;2;254;254;254;48;2;255;255;255m╴[48;2;254;254;254m [38;2;255;255;255m┈[48;2;255;255;255m [48;2;254;254;254m┈[38;2;254;254;254;48;2;255;255;255m▁▄[48;2;254;254;254m [38;2;253;253;253;48;2;125;125;125m▉[48;2;0;0;0m [38;2;1;1;1m┰─╴[38;2;13;13;12;48;2;242;230;217m▊[38;2;247;225;198;48;2;180;117;63m▌[38;2;123;67;33;48;2;6;1;1m▌[38;2;117;116;115;48;2;252;244;235m▏[38;2;254;226;207;48;2;248;223;206m┊[38;2;119;110;104;48;2;7;8;13m▖[38;2;70;83;145;48;2;4;5;8m▄[38;2;35;41;61;48;2;1;1;3m▁[38;2;0;0;2;48;2;0;0;0m▁ [38;2;82;100;170;48;2;12;14;23m▗[38;2;61;71;126;48;2;6;6;13m▃[38;2;226;221;216;48;2;41;41;42m▗[38;2;252;247;242;48;2;253;227;210m▘[38;2;253;226;207;48;2;254;226;207m▘[38;2;254;227;210;48;2;254;227;208m▝[38;2;254;226;208;48;2;254;227;210m▃[38;2;254;227;208m▁[38;2;254;227;210;48;2;254;227;208m▄[48;2;253;226;208m▆[48;2;254;227;208m▌[38;2;254;226;208;48;2;253;227;209m▇[38;2;252;228;210;48;2;212;199;189m▉[38;2;101;93;88;48;2;8;7;9m▏[38;2;57;68;120;48;2;0;0;1m▃[38;2;36;45;74;48;2;0;0;0m▖ [38;2;1;1;1m╴[38;2;0;0;1m┊[38;2;56;64;113;48;2;2;2;5m▂[38;2;26;29;47;48;2;0;0;1m▁[38;2;59;59;59;48;2;243;243;243m▌[38;2;252;243;234;48;2;254;252;250m▁[38;2;251;238;228;48;2;253;226;208m▘[38;2;253;226;207;48;2;254;226;206m▉[38;2;253;226;206;48;2;253;226;208m╷[38;2;60;56;54;48;2;180;166;157m┏[38;2;123;122;125;48;2;61;57;58m▍[38;2;212;177;161;48;2;57;39;34m▂[38;2;116;105;98;48;2;216;189;174m▗[38;2;69;56;53;48;2;188;150;138m╸[38;2;224;161;145;48;2;88;69;64m▇[38;2;229;165;146;48;2;228;175;157m┭[38;2;138;122;114;48;2;250;224;205m▖[38;2;162;151;143;48;2;70;47;28m▎[38;2;185;118;55;48;2;185;118;54m┈[38;2;186;117;52;48;2;185;117;54m▗[38;2;162;112;73;48;2;4;0;0m▎[38;2;1;1;1;48;2;0;0;0m╶▄▄  [0m
[38;2;0;0;0;48;2;0;0;0m  [48;2;235;235;235m▎[48;2;255;255;255m         [38;2;255;255;255;48;2;254;254;254m┈┈ [38;2;253;253;253;48;2;233;233;233m┈[38;2;105;105;105;48;2;205;205;205m─[38;2;143;143;143;48;2;255;255;255m▖   [38;2;255;255;255;48;2;254;254;254m┈[38;2;254;254;254;48;2;255;255;255m▝[38;2;255;255;255;48;2;254;254;254m▆[48;2;255;255;255m [38;2;253;253;253;48;2;117;117;117m▉[48;2;0;0;0m  [38;2;1;1;1m▂▗[38;2;16;15;15;48;2;230;221;210m▊[38;2;1;0;2;48;2;200;163;126m▁[38;2;91;51;27;48;2;2;0;1m▋[38;2;71;71;71;48;2;250;243;236m▎[38;2;252;237;224;48;2;253;227;209m▏[38;2;123;114;110;48;2;252;226;208m▝[38;2;45;52;84;48;2;156;154;169m▘[38;2;116;134;186;48;2;67;80;120m▇[38;2;109;132;195;48;2;5;5;12m▆[38;2;110;133;197;48;2;27;31;51m▆[38;2;101;121;179;48;2;128;144;197m╶[38;2;56;61;80;48;2;174;165;169m┛[38;2;252;230;213;48;2;243;221;204m┊[48;2;254;227;208m  [38;2;228;207;192;48;2;253;226;208m▁[38;2;254;226;208;48;2;253;226;207m╴[48;2;254;227;208m [38;2;254;228;211;48;2;254;227;210m╷[38;2;255;227;209;48;2;254;228;210m▁[38;2;255;228;210;48;2;254;227;210m╷[38;2;254;227;210;48;2;254;227;207m▇[38;2;253;227;208;48;2;254;227;210m▇[38;2;41;39;46;48;2;237;214;199m▝[38;2;95;120;193;48;2;82;87;116m▝[38;2;60;73;110;48;2;99;125;194m▝[38;2;97;122;189;48;2;6;7;13m▄[38;2;92;116;178;48;2;0;0;1m▄[38;2;95;120;186;48;2;15;17;28m▅[38;2;76;86;111;48;2;92;115;184m▗[38;2;227;223;219;48;2;85;89;108m▃[38;2;254;253;249;48;2;251;241;232m╴[38;2;253;228;210;48;2;252;238;227m▇[38;2;254;226;208;48;2;254;227;206m▆[38;2;254;227;207;48;2;254;226;207m┈[38;2;235;212;196;48;2;119;110;104m▉[38;2;86;84;84;48;2;130;130;129m▚[38;2;71;68;65;48;2;229;208;192m▋[38;2;253;228;208;48;2;253;227;207m▝[38;2;131;117;112;48;2;252;227;209m▝[38;2;69;57;53;48;2;198;162;148m▗[38;2;218;160;144;48;2;227;162;143m▁[38;2;91;71;65;48;2;192;150;136m┏[38;2;140;128;119;48;2;228;208;192m▏[38;2;60;48;40;48;2;170;113;62m▊[38;2;185;117;55;48;2;186;118;54m▎[38;2;185;117;53;48;2;183;119;57m▉[38;2;152;107;68;48;2;3;0;0m▎[38;2;1;1;1;48;2;0;0;0m─ ▍  [0m
[7m[38;2;0;0;0m [0m[38;2;0;0;0;48;2;0;0;0m [38;2;7;7;7;48;2;242;242;242m▍[48;2;255;255;255m   [38;2;254;254;254m▗[48;2;254;254;254m  [48;2;255;255;255m  [48;2;254;254;254m [38;2;31;31;31;48;2;204;204;204m▗[38;2;7;7;7;48;2;198;198;198m╸[38;2;254;254;254;48;2;246;246;246m┈[38;2;30;30;30;48;2;205;205;205m╺[38;2;45;45;45;48;2;185;185;185m▖[38;2;255;255;255;48;2;254;254;254m┈ [38;2;254;254;254;48;2;255;255;255m▃[48;2;254;254;254m [38;2;255;255;255m▇[48;2;255;255;255m [48;2;254;254;254m┈[38;2;254;254;254;48;2;255;255;255m▄[38;2;246;246;246;48;2;14;14;14m▉[48;2;0;0;0m    [38;2;0;0;0;48;2;1;1;1m┈[38;2;57;57;55;48;2;224;218;212m▎[38;2;252;239;229;48;2;85;84;82m▇[38;2;253;244;238;48;2;243;229;220m┈[38;2;253;240;227;48;2;253;227;209m▘[38;2;254;227;208m▇[38;2;255;228;209;48;2;254;227;208m┈╴[38;2;254;227;208;48;2;248;229;223m▇▇[48;2;253;227;208m┈[38;2;254;227;210;48;2;253;226;208m▃[38;2;254;228;211;48;2;254;227;208m▂[38;2;219;199;187;48;2;249;224;207m╶[38;2;108;100;94;48;2;248;224;206m▖[38;2;253;227;208;48;2;241;216;199m┈[38;2;254;227;208;48;2;246;221;203m┊[38;2;133;121;112;48;2;251;225;207m▁[48;2;252;225;207m [38;2;253;226;209;48;2;254;227;208m▂[38;2;254;227;208;48;2;242;217;200m┈[38;2;255;228;209;48;2;241;216;198m┈[48;2;254;227;208m  [38;2;254;228;209;48;2;250;224;206m╴[38;2;252;226;208;48;2;93;97;116m▆[38;2;247;224;212;48;2;102;126;195m▆[38;2;243;221;211;48;2;103;130;201m▆[38;2;250;226;210;48;2;124;143;199m▆[38;2;253;227;210;48;2;182;185;189m▇[38;2;254;227;208;48;2;253;227;209m┈[38;2;254;226;207;48;2;253;227;207m▇[38;2;254;227;208;48;2;253;226;207m┈[38;2;120;112;106;48;2;251;225;207m▁[38;2;156;150;144;48;2;205;188;175m╷[38;2;92;89;88;48;2;150;145;143m┙[38;2;136;135;136;48;2;81;77;77m▘[38;2;153;138;130;48;2;246;223;206m▏[38;2;254;227;209;48;2;253;226;207m╴[38;2;116;101;94;48;2;216;195;180m╍[38;2;93;77;71;48;2;172;151;140m┗[38;2;125;115;106;48;2;201;173;159m╸[38;2;114;99;92;48;2;227;203;186m▂[38;2;202;185;173;48;2;72;51;34m▘[38;2;123;81;41;48;2;178;113;54m▏[38;2;185;117;50;48;2;185;117;53m▎[38;2;185;118;53;48;2;176;120;68m▉[38;2;145;107;76;48;2;4;2;1m▏[48;2;0;0;0m   [38;2;1;1;1m▇[48;2;1;1;1m [0m
[7m[38;2;0;0;0m [0m[38;2;1;1;1;48;2;0;0;0m▂[38;2;24;24;24;48;2;238;238;238m▋[38;2;255;255;255;48;2;254;254;254m┈[48;2;255;255;255m  [48;2;254;254;254m▇┈[48;2;255;255;255m  [38;2;254;254;254;48;2;249;249;249m╴[38;2;92;92;92;48;2;220;220;220m╼[38;2;239;239;239;48;2;91;91;91m▆[38;2;255;255;255;48;2;254;254;254m┈[48;2;255;255;255m [38;2;254;254;254m▝[38;2;5;5;5;48;2;195;195;195m▝[38;2;125;125;125;48;2;248;248;248m▏[38;2;255;255;255;48;2;254;254;254m┈▇[48;2;255;255;255m   [48;2;254;254;254m▇ [38;2;247;247;247;48;2;15;15;15m▊[48;2;0;0;0m   [38;2;0;0;0;48;2;0;0;1m▉[38;2;3;3;3;48;2;119;116;112m▉[38;2;42;41;39;48;2;177;171;162m┗[38;2;103;99;96;48;2;242;230;219m▖[38;2;253;227;208;48;2;253;228;210m┈[38;2;255;228;209;48;2;254;227;208m▄[38;2;255;227;208m╼[38;2;255;228;210m▅[38;2;255;228;211;48;2;255;228;209m▄▄▄[38;2;254;227;209;48;2;255;228;210m▊[38;2;255;227;211;48;2;254;227;211m╴[38;2;254;228;211;48;2;254;228;210m┈[38;2;254;227;210;48;2;254;226;208m▌[38;2;147;134;124;48;2;222;200;184m╵[38;2;158;148;138;48;2;211;192;177m╺[38;2;95;51;33;48;2;240;219;204m▆[38;2;190;71;14;48;2;85;54;44m▆[38;2;211;80;19;48;2;107;82;71m▅[38;2;152;115;98;48;2;184;96;56m╵[38;2;52;38;33;48;2;208;191;177m▌[38;2;254;228;209;48;2;253;227;208m╴[48;2;254;227;208m  [48;2;255;228;209m▁[48;2;255;228;210m▉[38;2;255;228;209;48;2;254;227;210m▂[48;2;254;227;208m▍[38;2;254;226;207;48;2;253;227;208m┈[38;2;99;94;91;48;2;246;221;203m▃[38;2;63;62;63;48;2;233;211;195m▄[38;2;93;92;92;48;2;209;190;177m▅[38;2;156;156;155;48;2;118;114;112m━[38;2;56;55;54;48;2;115;115;117m▂[38;2;78;78;79;48;2;144;137;132m━[38;2;222;178;160;48;2;91;89;88m▄[38;2;134;102;94;48;2;200;156;141m▁[38;2;34;23;19;48;2;219;163;145m▄[38;2;38;20;14;48;2;231;185;167m▄[38;2;52;27;15;48;2;226;186;168m▄[38;2;72;39;23;48;2;218;174;156m▅[38;2;88;50;32;48;2;215;174;159m▇[38;2;122;61;31;48;2;37;21;15m▆[38;2;127;66;27;48;2;181;113;52m▎[48;2;186;117;52m [38;2;186;117;53;48;2;186;118;54m▋[38;2;183;118;57;48;2;125;88;58m▉[38;2;2;0;0;48;2;2;1;1m╴[38;2;1;1;1;48;2;0;0;0m▄▗ ▄┈[0m
[7m[38;2;0;0;0m [0m[38;2;0;0;0;48;2;0;0;0m [38;2;7;7;7;48;2;144;144;144m▉[38;2;255;255;255;48;2;252;252;252m┊[48;2;255;255;255m      [48;2;254;254;254m▇▇[48;2;255;255;255m [38;2;233;233;233;48;2;254;254;254m▁[38;2;255;255;255;48;2;253;253;253m┈[48;2;255;255;255m    [38;2;254;254;254m╷ [38;2;255;255;255;48;2;254;254;254m┈[48;2;255;255;255m   [38;2;239;239;239;48;2;4;4;4m▋[48;2;0;0;0m  [38;2;1;1;1m┈┈┈[38;2;62;61;58;48;2;239;224;208m▎[38;2;181;124;70;48;2;80;60;44m▆[38;2;64;48;37;48;2;174;140;109m━[38;2;85;69;57;48;2;243;220;202m▃[38;2;254;227;208;48;2;242;217;200m┈[48;2;255;227;209m▇[38;2;253;227;207;48;2;255;228;209m▄[38;2;254;227;207;48;2;255;227;209m▃[38;2;254;227;208;48;2;255;228;209m▂[38;2;254;228;209;48;2;254;228;211m▊[38;2;254;227;212m╹[38;2;255;228;211m▂[38;2;254;228;211;48;2;254;227;210m┈[38;2;254;227;210;48;2;254;227;208m▇[38;2;254;227;209;48;2;253;227;207m▇[38;2;79;60;52;48;2;243;219;201m▝[38;2;60;29;20;48;2;193;108;69m╸[38;2;48;19;13;48;2;238;92;29m▁[38;2;80;35;21;48;2;184;87;46m┏[38;2;133;122;115;48;2;251;226;207m▘[38;2;255;228;209;48;2;254;227;208m▁[38;2;255;228;210;48;2;254;228;209m▁[48;2;254;228;210m [38;2;254;228;210;48;2;255;228;210m▌[38;2;255;227;210m▇▇[38;2;254;227;208;48;2;254;227;210m▂[38;2;254;228;210;48;2;250;225;208m┈[38;2;244;222;204;48;2;71;69;69m▃[38;2;246;225;210;48;2;64;63;66m▃[38;2;243;219;203;48;2;55;52;53m▄[38;2;233;197;178;48;2;59;58;56m▆[38;2;232;189;171;48;2;161;153;143m▇[38;2;59;38;33;48;2;217;167;150m▂[38;2;86;50;34;48;2;203;146;130m▅[38;2;97;49;26;48;2;64;50;46m▇[38;2;127;64;33;48;2;124;62;31m┊[38;2;128;63;31;48;2;127;62;30m┈[38;2;127;62;30;48;2;127;62;29m▍[48;2;128;63;30m▘[38;2;128;63;30;48;2;127;63;28m▎[38;2;127;63;30;48;2;129;65;29m┊[38;2;163;97;47;48;2;186;117;55m▏[38;2;76;50;32;48;2;181;117;58m▗[38;2;182;119;59;48;2;185;117;52m▏[38;2;170;111;57;48;2;22;12;8m▊[38;2;0;0;2;48;2;0;0;1m╌[48;2;1;1;1m [48;2;0;0;0m  [38;2;1;1;1m▗ [0m
[7m[38;2;0;0;0m [0m[38;2;0;0;0;48;2;0;0;0m  [38;2;74;74;74;48;2;248;248;248m▎[48;2;255;255;255m [38;2;255;255;255;48;2;254;254;254m┈ ┈ [48;2;255;255;255m  [38;2;159;159;159;48;2;240;240;240m▁[38;2;0;0;0;48;2;241;241;241m▁[38;2;198;198;198;48;2;22;22;22m▊[38;2;26;26;26;48;2;183;183;183m▌[38;2;43;43;43;48;2;239;239;239m▂[38;2;131;131;131;48;2;251;251;251m▂[38;2;255;255;255;48;2;254;254;254m▉▂▄ ┈[38;2;254;254;254;48;2;255;255;255m╺[48;2;254;254;254m [38;2;255;255;255m▁[38;2;134;134;134;48;2;247;247;247m▂[38;2;23;23;23;48;2;225;225;225m▃[38;2;15;15;15;48;2;209;209;209m▅[38;2;9;9;9;48;2;148;148;148m▇[48;2;0;0;0m  [38;2;25;24;23;48;2;213;201;189m▋[38;2;233;208;180;48;2;185;120;58m▍[38;2;188;119;54;48;2;188;119;53m▖[38;2;184;119;59;48;2;182;115;54m┊[38;2;163;98;47;48;2;97;57;35m▖[38;2;91;52;32;48;2;224;204;190m▆[38;2;79;46;31;48;2;237;214;199m▄[38;2;74;58;50;48;2;251;226;209m▃[38;2;48;43;40;48;2;245;221;204m▁[38;2;253;227;209;48;2;250;225;207m┊[38;2;253;226;207;48;2;254;227;209m━[48;2;254;227;210m▅[38;2;254;227;208m▅[48;2;255;228;210m▃[48;2;254;228;210m▃[38;2;255;228;209;48;2;254;227;208m┈[38;2;254;227;208;48;2;251;228;211m▇[38;2;252;226;208;48;2;90;82;77m▇[38;2;254;227;208;48;2;177;161;150m▇[48;2;254;227;209m▃[38;2;255;228;209;48;2;254;227;208m╶[38;2;254;226;208;48;2;254;227;210m▃[38;2;254;226;207m▂[38;2;255;228;211m▝[38;2;255;228;210;48;2;254;227;209m▘[38;2;254;227;208;48;2;254;226;207m╴[38;2;227;175;158;48;2;253;225;206m▁[38;2;220;163;147;48;2;251;222;203m▂[38;2;58;45;42;48;2;237;199;181m▁[38;2;89;77;76;48;2;237;194;175m▃[38;2;1;1;1;48;2;172;145;141m╶[38;2;27;26;27;48;2;151;125;121m┳[38;2;156;162;176;48;2;53;41;39m▄[38;2;84;84;92;48;2;93;51;32m▁[38;2;128;62;30;48;2;126;62;31m┊[38;2;128;63;31;48;2;128;63;30m┊[38;2;128;64;29;48;2;128;63;31m▅[38;2;128;63;29m▎[38;2;128;63;31;48;2;128;63;29m▅▃[48;2;127;63;29m▖[38;2;130;64;30;48;2;173;105;51m▋[38;2;185;117;54;48;2;186;117;55m▌[38;2;164;110;62;48;2;22;13;8m▍[38;2;131;92;60;48;2;183;116;56m▏[38;2;153;101;56;48;2;5;2;1m▌[48;2;0;0;0m  [38;2;1;1;1m▂┈  [0m
[7m[38;2;0;0;0m [0m[38;2;1;1;1;48;2;0;0;0m╶▖[38;2;14;14;14;48;2;207;207;207m▌[48;2;254;254;254m [48;2;255;255;255m     [38;2;255;255;255;48;2;254;254;254m┈[48;2;250;250;250m┈[38;2;242;242;242;48;2;59;59;59m▇[38;2;179;179;179;48;2;27;27;27m▚[38;2;254;254;254;48;2;242;242;242m┈[38;2;207;207;207;48;2;24;24;24m▌[38;2;121;121;121;48;2;246;246;246m▘[48;2;255;255;255m   [38;2;254;254;254m▁   [38;2;255;255;255;48;2;254;254;254m┊[38;2;170;170;170;48;2;8;8;8m▎[38;2;1;1;1;48;2;0;0;0m╸▂╾─▄[38;2;0;1;0;48;2;6;6;6m┊[38;2;120;114;107;48;2;211;174;135m▖[38;2;183;116;51;48;2;186;117;52m▖[38;2;186;118;53m▂[38;2;181;114;55;48;2;133;67;28m▌[38;2;129;65;29;48;2;128;64;28m┄[38;2;128;64;29;48;2;129;64;29m▆[38;2;127;64;32;48;2;127;63;30m┊[38;2;122;61;31;48;2;32;17;10m▇[38;2;105;53;26;48;2;94;87;81m▇[38;2;80;50;35;48;2;244;223;210m▇[38;2;30;25;23;48;2;181;173;168m━[38;2;19;18;18;48;2;197;186;178m┱[38;2;9;7;6;48;2;199;188;184m─[38;2;127;119;114;48;2;190;176;169m╴[38;2;75;75;79;48;2;250;225;207m▃[38;2;45;47;49;48;2;240;217;200m▂[38;2;2;1;1;48;2;249;224;206m▂[38;2;21;16;14;48;2;250;224;206m▂[38;2;22;16;13;48;2;247;220;202m▂[38;2;2;0;0;48;2;238;209;191m▂[38;2;44;36;33;48;2;245;213;195m▃[38;2;24;21;22;48;2;238;204;187m▃[38;2;107;98;98;48;2;188;165;157m┌[38;2;11;4;3;48;2;192;171;169m─[38;2;64;59;61;48;2;193;172;174m━[38;2;109;113;121;48;2;154;142;149m╸[38;2;184;190;205;48;2;84;76;77m▅[38;2;193;198;209;48;2;45;46;51m▇[38;2;132;132;131;48;2;197;202;211m▁[38;2;44;47;50;48;2;145;149;158m╺[38;2;84;86;94;48;2;183;188;202m▘[38;2;247;248;249;48;2;179;184;202m▄[38;2;241;242;244;48;2;117;121;133m▇[38;2;248;248;248;48;2;93;75;66m▖[38;2;57;32;19;48;2;126;63;30m▖[38;2;127;63;30;48;2;128;64;28m▅[38;2;128;63;29;48;2;127;62;30m▏[48;2;128;63;31m [38;2;128;63;30m▖[48;2;128;63;28m▉[38;2;148;83;38;48;2;184;115;53m▍[38;2;185;117;52;48;2;180;115;55m╴[38;2;90;63;40;48;2;5;3;3m▏[38;2;23;3;0;48;2;173;113;61m▏[38;2;86;58;37;48;2;1;0;0m▎[48;2;0;0;0m     [48;2;1;1;1m [0m
[7m[38;2;0;0;0m [0m[38;2;0;0;0;48;2;0;0;0m  [38;2;4;4;4;48;2;82;82;82m▉[38;2;132;132;132;48;2;237;237;237m▏[38;2;255;255;255;48;2;254;254;254m┈[48;2;255;255;255m     [38;2;173;173;173;48;2;230;230;230m╶[38;2;88;88;88;48;2;209;209;209m▝[38;2;248;248;248;48;2;148;148;148m▇[38;2;49;49;49;48;2;177;177;177m━[38;2;23;23;23;48;2;198;198;198m▘[48;2;254;254;254m  [38;2;254;254;254;48;2;255;255;255m▄     [38;2;242;242;242;48;2;79;79;79m▊[48;2;0;0;0m  [38;2;0;0;0;48;2;1;1;1m▇[48;2;0;0;0m  [48;2;1;1;1m▆[48;2;0;0;0m [38;2;196;177;155;48;2;19;18;17m▝[38;2;200;163;124;48;2;185;121;60m▏[38;2;185;117;54;48;2;185;117;53m▃[38;2;184;116;55;48;2;152;86;40m▊[38;2;126;61;27;48;2;127;63;29m╴[38;2;127;62;30;48;2;127;63;28m▅[48;2;127;62;30m [38;2;55;35;25;48;2;121;61;30m▗[38;2;242;242;243;48;2;102;77;66m▗[38;2;250;250;250;48;2;128;126;125m▆[38;2;92;92;92;48;2;248;248;248m▗[38;2;177;192;191;48;2;75;76;77m▅[38;2;224;227;232;48;2;108;118;118m▝[38;2;254;254;254;48;2;226;227;233m╴[38;2;252;252;252;48;2;182;187;202m▄[38;2;201;204;214;48;2;100;100;106m▉[38;2;207;156;145;48;2;11;9;9m▗[38;2;208;151;136;48;2;0;0;0m▅[38;2;226;163;144;48;2;30;22;21m▅[38;2;220;161;143;48;2;2;0;0m▆[38;2;170;131;120m▆[38;2;16;14;15;48;2;173;176;184m▘[38;2;250;251;252;48;2;176;182;200m▃[38;2;253;253;253;48;2;183;188;203m▄[38;2;249;250;250;48;2;171;178;195m▆[38;2;252;252;253;48;2;188;193;205m▇[38;2;108;110;110;48;2;248;248;248m▂[38;2;54;60;62;48;2;231;231;231m▅[38;2;168;174;191;48;2;95;97;103m▅[38;2;254;254;252;48;2;190;195;208m▗[38;2;255;255;254;48;2;251;252;252m┈[38;2;255;255;255;48;2;255;255;254m┈[38;2;254;254;254;48;2;255;255;255m▁[38;2;255;255;255;48;2;254;254;254m┈[38;2;42;23;16;48;2;177;177;177m▝[38;2;37;20;13;48;2;123;62;31m▖[38;2;128;62;31;48;2;127;63;30m╸[38;2;128;63;30;48;2;128;63;29m▄[38;2;128;63;29;48;2;127;63;30m▘[38;2;129;64;29;48;2;166;98;46m▋[38;2;185;116;55;48;2;185;116;53m▎[38;2;176;113;56;48;2;49;32;20m▋[38;2;0;0;0;48;2;1;0;0m┈[38;2;133;91;55;48;2;28;18;12m▋[38;2;0;0;1;48;2;0;0;0m╹ [38;2;0;0;0;48;2;1;1;1m▇[48;2;0;0;0m [48;2;1;1;1m▊[48;2;0;0;0m  [0m
[7m[38;2;0;0;0m [0m[38;2;0;0;0;48;2;0;0;0m   [38;2;190;190;190;48;2;9;9;9m▝[38;2;254;254;254;48;2;244;244;244m┊[48;2;255;255;255m    [38;2;255;255;255;48;2;254;254;254m┈┈[38;2;60;60;60;48;2;233;233;233m▗[38;2;56;56;56;48;2;237;237;237m╼[38;2;73;73;73;48;2;246;246;246m━[48;2;251;251;251m▄[38;2;255;255;255;48;2;254;254;254m┊[38;2;254;254;254;48;2;255;255;255m▝[38;2;255;255;255;48;2;254;254;254m▆[48;2;255;255;255m   [48;2;254;254;254m▊ [38;2;194;194;194;48;2;18;18;18m▍[38;2;1;1;1;48;2;0;0;0m▁   ▃▁ [38;2;0;0;1m╷[38;2;5;4;4;48;2;142;100;63m▖[38;2;185;116;54;48;2;184;116;53m▁[38;2;185;116;55;48;2;184;115;53m╹[38;2;168;100;47;48;2;130;66;30m▍[38;2;127;62;28;48;2;123;61;31m╴[38;2;148;147;147;48;2;83;45;25m▗[38;2;80;75;74;48;2;242;242;241m▘[48;2;254;254;254m [38;2;253;254;254;48;2;251;251;251m┊[38;2;193;200;200;48;2;85;90;89m▚[38;2;222;238;238;48;2;112;157;152m▘[38;2;91;141;136;48;2;86;135;130m┊[38;2;185;186;186;48;2;67;94;91m▝[38;2;103;107;107;48;2;245;245;245m▖[48;2;254;254;254m [38;2;79;76;74;48;2;195;182;175m▚[38;2;251;224;205;48;2;226;167;150m▆[38;2;253;227;207;48;2;232;180;162m▆[38;2;89;87;85;48;2;225;200;184m▗[38;2;87;81;78;48;2;223;223;222m▘[38;2;253;254;254;48;2;254;255;255m▏[38;2;255;255;255;48;2;254;254;254m┈[38;2;82;83;82;48;2;244;244;244m▁[38;2;62;76;76;48;2;248;248;248m▄[38;2;61;93;90;48;2;197;197;197m▆[38;2;83;133;128;48;2;30;50;50m▆[38;2;85;132;128;48;2;39;55;53m▊[38;2;42;44;47;48;2;158;164;181m▎[38;2;86;87;88;48;2;204;207;213m▗[38;2;255;255;255;48;2;250;251;251m┊[48;2;254;254;254m ▆[48;2;255;255;255m [48;2;254;254;254m┈[38;2;250;250;250;48;2;75;69;66m▖[38;2;63;34;21;48;2;125;62;31m▖[48;2;127;62;30m [38;2;143;76;41;48;2;130;64;30m╷[38;2;149;82;37;48;2;183;115;54m▘[38;2;184;117;52;48;2;183;116;54m┈[38;2;130;88;52;48;2;13;8;6m▘[38;2;1;0;0;48;2;53;41;32m▉[38;2;69;54;43;48;2;5;3;2m▏[38;2;0;0;1;48;2;0;0;0m╴ [38;2;1;1;1m━━[38;2;0;0;0;48;2;1;1;1m▘[48;2;0;0;0m [48;2;1;1;1m▍[0m
[7m[38;2;0;0;0m [0m[38;2;0;0;0;48;2;0;0;0m    [38;2;220;220;220;48;2;20;20;20m▝[38;2;255;255;255;48;2;242;242;242m┊[38;2;254;254;254;48;2;255;255;255m▁[48;2;254;254;254m [48;2;255;255;255m  [38;2;255;255;255;48;2;254;254;254m▋[38;2;242;242;242;48;2;56;56;56m▅[38;2;106;106;106;48;2;254;254;254m▘[38;2;75;75;75;48;2;225;225;225m▗[38;2;226;226;226;48;2;54;54;54m▃[38;2;255;255;255;48;2;253;253;253m┊[48;2;255;255;255m [38;2;254;254;254m▁▁[38;2;255;255;255;48;2;254;254;254m┈[48;2;255;255;255m [48;2;254;254;254m┈[38;2;79;79;79;48;2;242;242;242m▗[38;2;0;0;0;48;2;2;2;2m┈[48;2;1;1;1m▆[48;2;0;0;0m  [38;2;1;1;1m╸ ▝ [38;2;0;0;1m▝[38;2;0;0;0;48;2;4;2;2m╴[38;2;27;17;12;48;2;166;108;56m▖[38;2;184;116;53;48;2;185;115;53m▉[38;2;188;118;55;48;2;169;105;51m┈[38;2;217;217;216;48;2;62;41;31m▗[38;2;254;254;254;48;2;239;239;239m┈[38;2;255;255;255;48;2;254;254;254m┈┈[38;2;240;240;240;48;2;69;70;70m▋[38;2;91;95;94;48;2;159;188;185m▏[38;2;88;141;135;48;2;88;140;134m┊[38;2;87;124;120;48;2;87;140;135m▁[38;2;77;107;103;48;2;88;141;135m▁[38;2;85;123;117;48;2;38;42;43m▌[38;2;59;48;50;48;2;200;200;200m▅[38;2;93;68;70;48;2;198;198;198m▂[38;2;90;86;82;48;2;209;192;178m▍[38;2;67;64;63;48;2;180;166;157m┏[38;2;53;38;38;48;2;201;201;201m▂[38;2;76;33;35;48;2;236;235;236m▃[38;2;56;51;52;48;2;236;236;236m▅[38;2;49;65;63;48;2;212;211;211m▇[38;2;79;123;120;48;2;30;51;50m▆[38;2;87;136;131;48;2;70;115;111m▇[38;2;88;142;136;48;2;88;141;135m┈[38;2;88;142;135;48;2;89;142;136m▁ [38;2;45;55;56;48;2;111;131;136m▚[38;2;178;183;198;48;2;35;36;40m▋[38;2;145;150;160;48;2;220;223;229m▏[38;2;254;255;253;48;2;255;254;254m┋[48;2;255;255;255m [48;2;254;254;254m  [38;2;253;254;254;48;2;247;247;248m┊[38;2;148;148;148;48;2;51;29;21m▖[38;2;129;65;32;48;2;128;64;30m╴[38;2;134;70;30;48;2;173;106;50m▎[38;2;184;115;54;48;2;186;117;52m▂[38;2;15;9;7;48;2;154;100;52m▗[38;2;0;0;1;48;2;0;0;0m┈ [38;2;0;0;0;48;2;1;1;1m▎[48;2;0;0;0m [38;2;1;1;1m╵     [0m
[38;2;0;0;0;48;2;0;0;0m [38;2;1;1;1m┏    [38;2;159;159;159;48;2;5;5;5m▝[38;2;85;85;85;48;2;245;245;245m▖[38;2;254;254;254;48;2;255;255;255m▁ ▁▁[48;2;254;254;254m [48;2;187;187;187m▉[38;2;71;71;71;48;2;235;235;235m▎[48;2;255;255;255m [38;2;255;255;255;48;2;254;254;254m┈  [38;2;254;254;254;48;2;255;255;255m▝[38;2;255;255;255;48;2;254;254;254m┈▉[38;2;96;96;96;48;2;251;251;251m▗[38;2;16;16;16;48;2;101;101;101m▇[48;2;0;0;0m   [38;2;0;0;0;48;2;1;1;1m▇[48;2;0;0;0m    [38;2;1;1;1m▗ [38;2;0;0;0;48;2;9;5;4m┈[38;2;29;19;12;48;2;172;110;55m▖[38;2;172;111;57;48;2;61;41;24m▋[38;2;79;54;36;48;2;219;219;219m▃[38;2;36;30;26;48;2;248;248;248m▂[38;2;68;69;71;48;2;251;251;251m▁[38;2;254;254;254;48;2;252;252;252m┊[38;2;21;22;22;48;2;175;181;180m┃[38;2;170;199;197;48;2;96;146;141m▏[38;2;88;137;130;48;2;45;63;61m▉[38;2;36;16;18;48;2;148;40;49m▍[38;2;17;13;11;48;2;113;44;50m┎[38;2;53;24;25;48;2;111;35;41m▅[38;2;146;38;47;48;2;22;0;0m▇[38;2;55;11;14;48;2;165;40;51m▁[38;2;156;36;45;48;2;17;2;3m▆[38;2;166;38;48;48;2;32;5;6m▇[38;2;185;43;53;48;2;155;50;60m▇[38;2;77;22;28;48;2;145;41;48m▗[38;2;108;56;62;48;2;9;0;0m▇[38;2;100;62;65;48;2;10;0;0m▇[38;2;142;40;48m▇[38;2;152;42;51;48;2;25;10;11m▋[38;2;31;48;49;48;2;82;130;126m▏[38;2;89;142;136;48;2;88;142;136m▁[48;2;88;141;136m╵[38;2;33;46;46;48;2;86;134;129m▝[38;2;46;51;56;48;2;122;127;138m▖[38;2;35;37;41;48;2;172;178;193m▎[38;2;215;217;225;48;2;253;254;254m▖[38;2;254;254;254;48;2;253;253;253m┊[38;2;104;103;103m▁[38;2;66;65;63m▂[38;2;16;12;10;48;2;235;235;235m▂[38;2;244;244;244;48;2;63;51;45m▘[38;2;62;32;19;48;2;136;74;36m▎[38;2;186;116;54;48;2;185;115;54m┊[38;2;178;112;55;48;2;110;71;40m▉[38;2;76;50;31;48;2;7;5;3m▏[38;2;1;1;1;48;2;0;0;0m▃ [38;2;0;0;0;48;2;1;1;1m▇[48;2;0;0;0m    [38;2;1;1;1m▃ [38;2;0;0;0;48;2;1;1;1m▏[0m
[38;2;1;1;1;48;2;0;0;0m▎   ━  [38;2;0;0;0;48;2;4;4;4m┈[38;2;19;19;19;48;2;195;195;195m▄[38;2;135;135;135;48;2;245;245;245m▁[38;2;254;254;254;48;2;255;255;255m▁  [38;2;77;77;77;48;2;254;254;254m▝[38;2;13;13;13;48;2;238;238;238m▘[38;2;255;255;255;48;2;254;254;254m┈[48;2;255;255;255m  [48;2;254;254;254m┈┈[38;2;253;253;253m▁[38;2;34;34;34;48;2;227;227;227m▗[38;2;9;9;9;48;2;84;84;84m▇[38;2;1;1;1;48;2;0;0;0m▗  [38;2;0;0;0;48;2;1;1;1m▅[48;2;0;0;0m   [38;2;1;1;1m▝  ▁ [38;2;0;0;1;48;2;5;3;3m┊[38;2;5;3;3;48;2;142;94;50m▖[38;2;140;78;36;48;2;181;114;54m▝[38;2;126;67;34;48;2;52;29;19m▊[38;2;27;22;21;48;2;192;156;140m▎[38;2;209;155;137;48;2;68;63;62m▆[38;2;25;23;23;48;2;129;166;162m▌[38;2;87;142;136;48;2;88;141;135m┓[38;2;88;142;136;48;2;87;140;135m▇[38;2;38;16;17;48;2;92;100;98m┗[38;2;42;57;57;48;2;123;28;36m▄[38;2;171;175;185;48;2;63;23;26m▗[38;2;221;222;228;48;2;67;41;46m▅[38;2;151;152;155;48;2;82;36;39m▍[38;2;119;33;39;48;2;84;71;76m▉[38;2;93;93;98;48;2;106;27;33m▖[38;2;54;26;29;48;2;135;34;44m┗[38;2;147;150;160;48;2;126;36;45m▄[38;2;190;195;202;48;2;124;45;54m▂[38;2;170;49;58;48;2;53;33;34m━[38;2;14;8;8;48;2;160;40;50m▁[38;2;160;45;54;48;2;40;34;35m▍[38;2;55;100;98;48;2;87;140;135m▎[48;2;89;142;136m [38;2;88;142;136;48;2;88;142;135m▇[38;2;89;142;136;48;2;88;142;136m┈[38;2;41;57;56;48;2;100;125;127m▚[38;2;37;39;41;48;2;105;109;119m▆[38;2;67;39;26;48;2;205;207;213m▇[38;2;61;43;35;48;2;148;121;108m▉[38;2;223;170;149;48;2;29;20;18m▇[38;2;237;190;169;48;2;173;141;130m▇[38;2;205;180;166;48;2;44;28;22m▍[38;2;118;63;37;48;2;125;62;28m▏[38;2;137;72;32;48;2;181;113;52m▍[38;2;188;119;53;48;2;185;117;53m┈[38;2;164;108;58;48;2;25;16;11m▘[38;2;2;0;1;48;2;0;0;0m╷[38;2;0;0;0;48;2;1;1;1m▃[38;2;1;1;1;48;2;0;0;0m╸ ▂ ▝[38;2;0;0;0;48;2;1;1;1m▇[38;2;1;1;1;48;2;0;0;0m▝[38;2;0;0;0;48;2;1;1;1m▍ [0m
[7m[38;2;0;0;0m [0m[38;2;0;0;0;48;2;0;0;0m   [38;2;1;1;1m╴    [38;2;0;0;0;48;2;11;11;11m┈[38;2;8;8;8;48;2;207;207;207m▄[38;2;16;16;16;48;2;236;236;236m▂[38;2;136;136;136;48;2;252;252;252m▁[48;2;254;254;254m  [38;2;254;254;254;48;2;255;255;255m▏[48;2;254;254;254m   [38;2;83;83;83;48;2;242;242;242m▂[38;2;19;19;19;48;2;194;194;194m▅[38;2;0;0;0;48;2;1;1;1m╴[48;2;0;0;0m   [38;2;1;1;1m▁▁     ▗ [38;2;0;0;0;48;2;1;1;1m▇[38;2;1;1;1;48;2;0;0;0m▘[38;2;0;0;1m┊[38;2;173;112;59;48;2;33;22;14m▝[38;2;149;99;57;48;2;35;25;20m▌[38;2;254;226;206;48;2;244;220;203m┊[38;2;249;221;203;48;2;127;117;110m▉[38;2;5;8;8;48;2;93;139;134m▍[38;2;88;142;136;48;2;86;142;135m▗[38;2;86;141;135;48;2;89;142;136m▘[38;2;88;140;136;48;2;88;141;136m╻[38;2;88;141;136;48;2;101;140;134m▉[38;2;14;21;20;48;2;176;180;191m▌[38;2;252;252;252;48;2;155;155;155m▉[38;2;171;49;61;48;2;110;36;42m┊[38;2;77;47;53;48;2;170;173;184m▌[38;2;60;34;37;48;2;213;213;214m▝[38;2;85;26;29;48;2;187;47;58m▖[38;2;117;118;127;48;2;127;36;44m▝[38;2;127;127;135;48;2;214;215;220m▁[38;2;41;48;48;48;2;86;132;128m▌[38;2;84;134;130;48;2;33;53;54m▇[38;2;81;131;126;48;2;24;42;44m▇[38;2;89;142;136;48;2;88;141;135m┈[48;2;89;142;136m  [48;2;88;142;135m┈[38;2;91;140;137;48;2;72;120;116m┊[38;2;41;72;73;48;2;13;18;18m▅[38;2;18;9;7;48;2;116;60;33m▍[38;2;121;63;32;48;2;29;14;9m▋[38;2;77;68;64;48;2;245;219;201m▎[38;2;254;225;207;48;2;253;226;207m▏[38;2;235;213;197;48;2;26;19;17m▋[38;2;61;30;19;48;2;143;80;39m▏[38;2;187;116;54;48;2;183;115;53m╴[38;2;6;3;3;48;2;140;91;48m▗[38;2;2;0;1;48;2;0;0;0m▏[38;2;0;0;0;48;2;1;1;1m▇[48;2;0;0;0m [38;2;1;1;1m▖ [38;2;0;0;0;48;2;1;1;1m▇[48;2;0;0;0m   [38;2;1;1;1m▁ [38;2;0;0;0;48;2;1;1;1m▏[0m
[7m[38;2;0;0;0m [0m[38;2;1;1;1;48;2;0;0;0m─╴   ▗▖[38;2;0;0;0;48;2;1;1;1m▇[48;2;0;0;0m  [38;2;1;1;1m▗[38;2;0;0;0;48;2;1;1;1m┈[38;2;5;5;5;48;2;206;206;206m▇[38;2;7;7;7;48;2;236;236;236m▆[38;2;0;0;0;48;2;237;237;237m▅[38;2;5;5;5;48;2;253;253;253m▅[38;2;0;0;0;48;2;227;227;227m▅[38;2;1;1;1;48;2;149;149;149m▆[48;2;0;0;0m▅▄ ▗▄▄ ▘  ╴╶▅▎ ▗   [38;2;9;8;8;48;2;216;200;188m▊[38;2;252;229;212;48;2;254;228;210m▏[38;2;85;82;78;48;2;232;211;195m▗[38;2;29;40;38;48;2;87;134;128m▎[38;2;88;141;135;48;2;88;142;136m▂[48;2;89;142;136m▂[38;2;89;141;136m┊[38;2;88;141;136;48;2;93;140;134m▉[38;2;33;42;43;48;2;173;177;189m▋[38;2;236;239;242;48;2;254;254;254m▏[38;2;247;247;247;48;2;64;63;63m▇[38;2;254;255;254;48;2;229;230;233m╴[38;2;255;255;254;48;2;254;254;253m┈[38;2;246;247;247;48;2;86;54;57m▅[38;2;226;228;233;48;2;82;38;43m▅[38;2;78;76;81;48;2;228;230;233m▘[38;2;200;201;202;48;2;51;73;70m▎[38;2;87;142;136;48;2;88;141;136m╻[48;2;89;142;136m▁[38;2;87;141;135m▂[38;2;88;141;135m▅[48;2;88;141;135m [48;2;88;140;134m╴[38;2;31;44;42;48;2;68;114;113m▁[38;2;8;8;9;48;2;47;84;86m▂[38;2;104;55;32;48;2;30;29;27m▂[38;2;118;62;33;48;2;75;44;30m▉[38;2;24;19;19;48;2;238;217;201m▌[38;2;254;227;207;48;2;254;226;207m┈[38;2;250;226;208;48;2;76;69;63m▊[38;2;36;19;7;48;2;175;112;57m▎[38;2;37;25;16;48;2;172;110;56m▗[38;2;0;0;1;48;2;5;3;2m┊[38;2;1;1;1;48;2;0;0;0m┈╋▄[38;2;0;0;0;48;2;1;1;1m▇[48;2;0;0;0m  [38;2;78;78;78m▂[38;2;2;2;2;48;2;103;103;103m▘[38;2;118;118;118;48;2;26;26;26m▃[38;2;76;76;76;48;2;4;4;4m▁[38;2;1;1;1;48;2;0;0;0m┖ [0m
[7m[38;2;0;0;0m [0m[38;2;0;0;0;48;2;0;0;0m  [38;2;1;1;1m┈▁ [38;2;0;0;0;48;2;1;1;1m▅[48;2;0;0;0m   [48;2;1;1;1m▍[48;2;0;0;0m [48;2;1;1;1m▆[38;2;1;1;1;48;2;0;0;0m▋▁  ▌ [38;2;0;0;0;48;2;1;1;1m▇▇[48;2;0;0;0m  [48;2;1;1;1m▆▇[38;2;1;1;1;48;2;0;0;0m╻▁▄   [38;2;0;0;0;48;2;1;1;1m▇[38;2;1;1;1;48;2;0;0;0m▗─▝   [38;2;11;10;9;48;2;240;220;206m▋[48;2;254;227;208m [38;2;241;218;202;48;2;164;150;140m▇[38;2;37;24;18;48;2;77;111;106m▇[38;2;37;21;14;48;2;99;92;75m━[38;2;27;21;20;48;2;102;136;133m▖[38;2;23;38;37;48;2;71;112;109m┬[38;2;30;44;43;48;2;83;130;124m▃[38;2;54;80;77;48;2;33;39;38m▚[38;2;40;60;59;48;2;201;200;200m▆[38;2;66;101;97;48;2;226;226;227m▆[38;2;70;109;106;48;2;233;234;234m▆[38;2;70;108;105;48;2;240;240;240m▆[38;2;70;109;105;48;2;235;235;236m▆[38;2;71;111;107;48;2;222;223;224m▆[38;2;78;114;110;48;2;253;253;253m▇[38;2;61;93;89;48;2;108;117;115m▇[38;2;8;15;16;48;2;75;111;107m╼[38;2;9;16;19;48;2;77;121;117m━[38;2;14;22;23;48;2;67;102;99m┳[38;2;34;53;52;48;2;90;137;132m▆[38;2;71;116;115;48;2;46;69;68m▄[38;2;61;101;101;48;2;29;44;43m▅[38;2;39;66;68;48;2;7;10;9m▇[38;2;98;56;34;48;2;22;31;31m▝[38;2;58;32;20;48;2;124;62;32m▖[38;2;127;62;30;48;2;124;66;36m▉[38;2;48;33;26;48;2;237;221;206m▊[38;2;254;226;208;48;2;253;226;206m╾[38;2;252;225;205;48;2;169;155;146m▉[38;2;19;9;4;48;2;129;88;52m▍[38;2;65;43;28;48;2;7;5;3m▏[48;2;0;0;0m [38;2;0;0;0;48;2;1;1;1m▆[48;2;0;0;0m [38;2;1;1;1m▎[38;2;0;0;0;48;2;1;1;1m▇[48;2;0;0;0m [38;2;1;1;1m▗[48;2;59;59;59m▇[38;2;34;34;34;48;2;115;115;115m▅[38;2;15;15;15;48;2;100;100;100m▅[38;2;0;0;0;48;2;36;36;36m▇[48;2;0;0;0m [48;2;1;1;1m▏[0m
[38;2;0;0;0;48;2;0;0;0m [38;2;0;1;0m▄       [38;2;1;1;1m┱ [38;2;0;0;0;48;2;1;1;1m▊[48;2;0;0;0m [38;2;1;1;1m▁┈▄▃ ▁▁┈           ▄╷   ▄[38;2;12;10;10;48;2;242;221;207m▋[38;2;254;227;208;48;2;253;227;207m┈[38;2;252;228;210;48;2;123;116;111m▉[38;2;1;0;0;48;2;0;0;0m┊[38;2;26;23;22;48;2;138;150;148m▎[38;2;79;96;95;48;2;95;132;128m╹[38;2;38;63;62;48;2;80;123;118m━[38;2;13;21;20;48;2;74;113;109m┻[38;2;3;8;8;48;2;55;77;76m┰[38;2;60;98;100;48;2;36;55;54m▂[38;2;37;58;58;48;2;66;103;100m┒[38;2;32;54;56;48;2;84;132;127m▃[38;2;32;53;54;48;2;86;134;129m▃[38;2;32;54;54;48;2;86;133;129m▃[38;2;41;64;65;48;2;66;105;102m╷[38;2;40;60;60;48;2;68;108;105m┬[38;2;23;43;43;48;2;71;114;111m┰[38;2;1;3;2;48;2;63;95;94m─[38;2;0;2;0;48;2;55;83;83m─[38;2;9;14;14;48;2;54;77;76m━[38;2;59;101;100;48;2;43;59;57m▄[38;2;72;117;114;48;2;44;64;62m▅[38;2;77;126;122;48;2;20;30;31m▆[38;2;80;130;126;48;2;37;62;63m▇[38;2;84;136;131;48;2;50;94;95m▖[38;2;35;22;16;48;2;44;78;78m▝[38;2;21;15;12;48;2;117;60;31m▖[38;2;67;40;25;48;2;189;177;167m▉[38;2;254;227;211;48;2;253;226;208m╴[38;2;254;226;207;48;2;251;226;209m╴[38;2;65;58;53;48;2;0;0;0m▏[38;2;0;0;1m╵ [38;2;1;1;1m▁▁▁┈    ▁[48;2;1;1;1m [48;2;0;0;0m▂[48;2;1;1;1m [0m
[?25h